<--- Number of atoms
60
<--- Number of occupied orbitals
0.000000
<--- Atom positions
C   12.010700   2.868938e+01  2.704990e+01  2.915033e+01   1 0 0
C   12.010700   2.959375e+01  2.661649e+01  2.810409e+01   1 0 0
C   12.010700   2.779982e+01  2.614029e+01  2.972331e+01   1 0 0
C   12.010700   2.957873e+01  2.529048e+01  2.767113e+01   1 0 0
C   12.010700   2.967816e+01  2.498942e+01  2.625623e+01   1 0 0
C   12.010700   2.970981e+01  2.769218e+01  2.713975e+01   1 0 0
C   12.010700   2.980565e+01  2.740324e+01  2.577771e+01   1 0 0
C   12.010700   2.978975e+01  2.602477e+01  2.532757e+01   1 0 0
C   12.010700   2.600609e+01  2.783003e+01  2.969580e+01   1 0 0
C   12.010700   2.693004e+01  2.877578e+01  2.909834e+01   1 0 0
C   12.010700   2.643269e+01  2.653607e+01  3.000229e+01   1 0 0
C   12.010700   2.824532e+01  2.839414e+01  2.883168e+01   1 0 0
C   12.010700   2.887663e+01  2.879095e+01  2.758809e+01   1 0 0
C   12.010700   2.619568e+01  2.957107e+01  2.813220e+01   1 0 0
C   12.010700   2.680542e+01  2.995470e+01  2.693728e+01   1 0 0
C   12.010700   2.817143e+01  2.955686e+01  2.665851e+01   1 0 0
C   12.010700   2.431567e+01  2.560532e+01  2.915177e+01   1 0 0
C   12.010700   2.387256e+01  2.694807e+01  2.883421e+01   1 0 0
C   12.010700   2.557231e+01  2.540398e+01  2.972390e+01   1 0 0
C   12.010700   2.470224e+01  2.803957e+01  2.909950e+01   1 0 0
C   12.010700   2.481845e+01  2.911654e+01  2.813339e+01   1 0 0
C   12.010700   2.312800e+01  2.689410e+01  2.759031e+01   1 0 0
C   12.010700   2.323940e+01  2.792852e+01  2.666053e+01   1 0 0
C   12.010700   2.409964e+01  2.906087e+01  2.693878e+01   1 0 0
C   12.010700   2.595401e+01  2.345268e+01  2.826831e+01   1 0 0
C   12.010700   2.464731e+01  2.366213e+01  2.767294e+01   1 0 0
C   12.010700   2.640751e+01  2.430520e+01  2.927469e+01   1 0 0
C   12.010700   2.384669e+01  2.471858e+01  2.810562e+01   1 0 0
C   12.010700   2.311178e+01  2.551562e+01  2.714175e+01   1 0 0
C   12.010700   2.474631e+01  2.336055e+01  2.625795e+01   1 0 0
C   12.010700   2.404110e+01  2.412699e+01  2.532981e+01   1 0 0
C   12.010700   2.320871e+01  2.522519e+01  2.578018e+01   1 0 0
C   12.010700   2.865573e+01  2.434552e+01  2.826683e+01   1 0 0
C   12.010700   2.818563e+01  2.345739e+01  2.722245e+01   1 0 0
C   12.010700   2.778376e+01  2.476102e+01  2.927396e+01   1 0 0
C   12.010700   2.685877e+01  2.302068e+01  2.722247e+01   1 0 0
C   12.010700   2.611258e+01  2.296360e+01  2.597996e+01   1 0 0
C   12.010700   2.881794e+01  2.385624e+01  2.597944e+01   1 0 0
C   12.010700   2.809952e+01  2.380108e+01  2.478313e+01   1 0 0
C   12.010700   2.672222e+01  2.334612e+01  2.478328e+01   1 0 0
C   12.010700   2.422860e+01  2.586748e+01  2.376795e+01   1 0 0
C   12.010700   2.467226e+01  2.452328e+01  2.408619e+01   1 0 0
C   12.010700   2.598767e+01  2.414230e+01  2.381824e+01   1 0 0
C   12.010700   2.511767e+01  2.677817e+01  2.319394e+01   1 0 0
C   12.010700   2.426148e+01  2.857290e+01  2.464992e+01   1 0 0
C   12.010700   2.333893e+01  2.762704e+01  2.524706e+01   1 0 0
C   12.010700   2.332455e+01  2.629974e+01  2.481588e+01   1 0 0
C   12.010700   2.513429e+01  2.815691e+01  2.364407e+01   1 0 0
C   12.010700   2.696356e+01  2.946497e+01  2.464867e+01   1 0 0
C   12.010700   2.605894e+01  2.989679e+01  2.569441e+01   1 0 0
C   12.010700   2.473152e+01  2.946046e+01  2.569441e+01   1 0 0
C   12.010700   2.651060e+01  2.861152e+01  2.364373e+01   1 0 0
C   12.010700   2.860206e+01  2.731242e+01  2.376641e+01   1 0 0
C   12.010700   2.907037e+01  2.819831e+01  2.481393e+01   1 0 0
C   12.010700   2.826953e+01  2.925483e+01  2.524536e+01   1 0 0
C   12.010700   2.734580e+01  2.751442e+01  2.319282e+01   1 0 0
C   12.010700   2.691137e+01  2.508865e+01  2.322154e+01   1 0 0
C   12.010700   2.821561e+01  2.487829e+01  2.381764e+01   1 0 0
C   12.010700   2.904537e+01  2.596910e+01  2.408473e+01   1 0 0
C   12.010700   2.648528e+01  2.638212e+01  2.291523e+01   1 0 0
<--- Velocities
0 0 0
0 0 0
0 0 0
0 0 0
0 0 0
0 0 0
0 0 0
0 0 0
0 0 0
0 0 0
0 0 0
0 0 0
0 0 0
0 0 0
0 0 0
0 0 0
0 0 0
0 0 0
0 0 0
0 0 0
0 0 0
0 0 0
0 0 0
0 0 0
0 0 0
0 0 0
0 0 0
0 0 0
0 0 0
0 0 0
0 0 0
0 0 0
0 0 0
0 0 0
0 0 0
0 0 0
0 0 0
0 0 0
0 0 0
0 0 0
0 0 0
0 0 0
0 0 0
0 0 0
0 0 0
0 0 0
0 0 0
0 0 0
0 0 0
0 0 0
0 0 0
0 0 0
0 0 0
0 0 0
0 0 0
0 0 0
0 0 0
0 0 0
0 0 0
0 0 0
<--- Forces
0 0 0
0 0 0
0 0 0
0 0 0
0 0 0
0 0 0
0 0 0
0 0 0
0 0 0
0 0 0
0 0 0
0 0 0
0 0 0
0 0 0
0 0 0
0 0 0
0 0 0
0 0 0
0 0 0
0 0 0
0 0 0
0 0 0
0 0 0
0 0 0
0 0 0
0 0 0
0 0 0
0 0 0
0 0 0
0 0 0
0 0 0
0 0 0
0 0 0
0 0 0
0 0 0
0 0 0
0 0 0
0 0 0
0 0 0
0 0 0
0 0 0
0 0 0
0 0 0
0 0 0
0 0 0
0 0 0
0 0 0
0 0 0
0 0 0
0 0 0
0 0 0
0 0 0
0 0 0
0 0 0
0 0 0
0 0 0
0 0 0
0 0 0
0 0 0
0 0 0
<--- Charges
0
0
0
0
0
0
0
0
0
0
0
0
0
0
0
0
0
0
0
0
0
0
0
0
0
0
0
0
0
0
0
0
0
0
0
0
0
0
0
0
0
0
0
0
0
0
0
0
0
0
0
0
0
0
0
0
0
0
0
0
<--- cell
         52.9177210800         0.0000000000         0.0000000000
          0.0000000000        52.9177210800         0.0000000000
          0.0000000000         0.0000000000        52.9177210800

